10001110000010000000000000000000
10001110000010010000000000000001
10001110000010100000000000000010
10001110000010110000000000000011
10001110000011000000000000000100
10001110000011010000000000000101
10001110000011100000000000000110
10001110000011110000000000000111
00000010000010000110000000011000
00000010001010010111000000011000
00000010010100001000100000100100
00000010100101001001000000100100
00000010000010000110100000011000
00000010001010010111100000011000
00000010010100001000100000100100
00000010101101011001000000100100
00000010000010100110000000011000
00000010001010110111000000011000
00000010010100001000100000100100
00000010110101101001000000100100
00000010000010100110100000011000
00000010001010110111100000011000
00000010010100001000100000100100
00000010111101111001000000100100
10101110011101000000000000001010
10101110011101010000000000001011
10101110011101100000000000001100
10101110011101110000000000001101
11111111111111111111111111111111